



   11111111111111111111111111111111111111111111111111111111111111111111
 11   _________   ______      _____       __       __        ____      11
11   |000000000| |000000|    |00000|     |00|     |00|     _|0000|_     11
11       |0|     |0|___      |0|__|0|    |0 0| _ |0 0|    |0|    |0|    11
11       |0|     |00000|     |00000|     |0|  |0|  |0|    |0|    |0|    11
11       |0|     |0|____     |0|   |0|   |0|       |0|    |0|    |0|    11
11       |0|     |000000|    |0|    |0|  |0|       |0|      |0000|      11
 11                                                                    11
   11111111111111111111111111111111111111111111111111111111111111111111
									
			            tecle ENTER para começar